%YAML:1.0
e_vectors: !!opencv-matrix
   rows: 20
   cols: 128
   dt: f
   data: [ -9.51638073e-003, -2.43766215e-002, -2.72994563e-002,
       -1.67683028e-002, 1.53997149e-002, 3.02379075e-002,
       1.77182164e-002, 9.91252903e-003, -8.61828700e-002,
       -2.06266567e-002, 8.80542770e-003, 4.00014035e-002,
       8.87364596e-002, 3.36058475e-002, -1.49521371e-002,
       -5.97540028e-002, 1.23203211e-001, 4.40158807e-002,
       -3.22773028e-003, -2.79728714e-002, -6.14075102e-002,
       -4.01916839e-002, -2.40160450e-002, 2.85366904e-002,
       2.13305987e-002, -1.83568392e-002, -2.92768627e-002,
       -3.50996666e-002, -7.36789219e-003, 5.79799246e-003,
       5.81885874e-003, 1.90313924e-002, -5.33376448e-002,
       -3.56833613e-003, -6.64159609e-003, -7.99902901e-003,
       1.94747467e-002, 3.36883329e-002, 2.87072696e-002,
       1.60312429e-002, -2.61330843e-001, -3.31131462e-003,
       8.56731012e-002, 1.80157989e-001, 2.16588110e-001,
       5.31829782e-002, -7.88746178e-002, -2.15279162e-001,
       2.88812459e-001, 1.85593724e-001, 4.30882424e-002,
       -5.61911315e-002, -2.17729375e-001, -2.05642372e-001,
       -1.20611086e-001, -4.84851561e-003, 4.53190990e-002,
       -2.41189860e-002, -4.15858440e-002, -2.81567816e-002,
       -5.60983783e-003, -3.94620653e-003, -1.03788627e-002,
       -1.03348671e-002, -5.57321012e-002, 2.23125219e-002,
       3.51491794e-002, 2.82204617e-002, 1.58025771e-002,
       -6.45507080e-003, -1.01120742e-002, -8.35916214e-003,
       -2.59276420e-001, -2.09463850e-001, -7.21791461e-002,
       5.53042814e-002, 2.13517547e-001, 1.84607401e-001,
       8.00468326e-002, -1.14347097e-002, 2.87540972e-001,
       -2.18514074e-003, -1.20109871e-001, -2.02936351e-001,
       -2.20876232e-001, -5.11853844e-002, 4.40251939e-002,
       1.82122722e-001, 4.10552137e-002, -4.06099344e-003,
       -6.37444248e-003, 1.48912647e-003, -1.11414550e-003,
       -3.13327424e-002, -4.25449200e-002, -3.21929194e-002,
       -1.95425786e-002, 1.50217731e-002, 2.24378034e-002,
       2.92512532e-002, 1.48330024e-002, -9.96864680e-003,
       -2.14480944e-002, -2.74955574e-002, -8.77425969e-002,
       -5.60476296e-002, -7.21770618e-003, 2.98785940e-002,
       8.62623751e-002, 4.09564599e-002, 4.11906838e-003,
       -2.07835846e-002, 1.30005360e-001, 3.03692594e-002,
       -2.29538549e-002, -4.68370058e-002, -6.50253221e-002,
       -2.81436909e-002, -4.78003314e-003, 4.61349897e-002,
       1.12370653e-002, 1.97803602e-002, 1.48513364e-002,
       9.33131203e-003, 5.11363056e-003, -2.79557928e-002,
       -2.93129794e-002, -2.67678313e-002, 5.15610762e-002,
       -3.80774401e-002, -7.99139068e-002, -4.22225446e-002,
       1.83778703e-002, -3.97675447e-002, -5.53097688e-002,
       -3.05936318e-002, 3.73096287e-001, 1.77931208e-002,
       -1.11255340e-001, -9.04024765e-002, -1.65489428e-002,
       -6.59395456e-002, -8.55581388e-002, 3.39419805e-002,
       2.53562093e-001, -2.19619423e-002, -9.24157202e-002,
       -1.34698069e-002, 1.16617411e-001, -4.69705686e-002,
       -1.08193375e-001, -6.51099952e-003, 2.15622950e-002,
       -3.88800278e-002, -4.69970256e-002, 1.30322687e-002,
       8.71215016e-002, -2.66803559e-002, -7.81915933e-002,
       -6.69267029e-002, 4.91100959e-002, -6.13490157e-002,
       -1.19093806e-001, -9.31054354e-002, 5.92458062e-003,
       -3.27366143e-002, -4.29268554e-002, -2.29667760e-002,
       1.87840909e-001, -3.49310935e-002, -1.11869827e-001,
       -1.07075505e-001, -1.24340449e-002, -7.24512637e-002,
       -1.49276733e-001, -9.09744501e-002, 1.58605918e-001,
       -5.31569794e-002, -7.07683042e-002, 1.27368113e-002,
       7.36968219e-002, -1.54167712e-001, -1.94511697e-001,
       -7.71597698e-002, 2.10540723e-002, -4.17976938e-002,
       -3.75417918e-002, 1.96681283e-002, 6.30292743e-002,
       -7.05721155e-002, -9.93249267e-002, -6.77386448e-002,
       3.63839455e-002, -3.18008550e-002, -5.39356023e-002,
       -3.47049385e-002, 3.78888589e-003, -7.43324310e-002,
       -1.05744727e-001, -6.37725815e-002, 1.75493836e-001,
       -7.05010667e-002, -1.12848736e-001, -4.34773080e-002,
       -5.08911209e-003, -1.10837251e-001, -1.19502686e-001,
       -5.51908948e-002, 1.34316996e-001, -5.97152114e-002,
       -1.40826419e-001, -9.25286189e-002, 5.76943532e-002,
       -4.48557474e-002, -9.40015614e-002, -6.50034249e-002,
       3.07974536e-002, -7.04006031e-002, -8.72759148e-002,
       -4.16978970e-002, 4.96741943e-002, -2.96893287e-002,
       -5.08423038e-002, -2.63517238e-002, 3.63271311e-002,
       -3.71482186e-002, -4.78677042e-002, -2.46346630e-002,
       1.03556598e-002, -4.64294069e-002, -8.89732316e-002,
       -5.09263314e-002, 3.00534010e-001, 1.74698364e-002,
       -6.96986839e-002, -3.64684053e-002, 8.30571726e-003,
       -7.90212080e-002, -1.12452999e-001, -3.44923092e-003,
       2.21313596e-001, 9.19849798e-003, -8.17938522e-002,
       -3.42057422e-002, 8.98589790e-002, -3.31974924e-002,
       -9.10323262e-002, -3.13884094e-002, 3.43111232e-002,
       -4.21321206e-002, -6.18491285e-002, -2.85080355e-002,
       6.07225224e-002, -1.53267607e-002, -4.86457236e-002,
       -3.00441589e-002, 3.03291660e-002, -9.00222175e-003,
       -2.21943427e-002, 3.58045623e-002, 6.39261156e-002,
       1.92223291e-003, -9.80902091e-003, 1.04243783e-002,
       4.05202173e-002, -2.33784094e-002, -3.64346290e-003,
       7.16522336e-002, 1.20440766e-001, 1.40139600e-002,
       -4.31078635e-002, -1.81318930e-004, -6.77192658e-002,
       -2.64434852e-002, 1.68080572e-002, 1.08211830e-001,
       2.03474537e-001, 3.03495005e-002, -6.65888712e-002,
       -5.55324629e-002, 1.20281270e-002, 1.34202363e-002,
       2.03794949e-002, 9.04413387e-002, 9.97188985e-002,
       -2.46433709e-002, -6.50063083e-002, -2.72842143e-002,
       -1.49936730e-003, -1.44077288e-002, -2.90762587e-003,
       7.71463662e-002, 1.20174259e-001, -4.53590322e-003,
       -3.79551165e-002, -2.26504263e-002, -6.94446787e-002,
       3.33261397e-003, 2.34974101e-002, 1.50882035e-001,
       1.96511999e-001, -2.53418125e-002, -1.41094923e-001,
       -1.53484657e-001, -3.63619849e-002, 1.78010911e-002,
       6.18220381e-002, 2.21463531e-001, 2.80362666e-001,
       -7.93116838e-002, -2.06328928e-001, -1.45875901e-001,
       4.20357659e-002, 3.31185423e-002, 5.09116538e-002,
       1.24812953e-001, 1.08504713e-001, -9.46901813e-002,
       -1.30422607e-001, -3.04914936e-002, -4.70473878e-002,
       -1.02025121e-002, 3.10315285e-003, 6.40797392e-002,
       1.38961360e-001, 1.96174514e-002, -4.46895920e-002,
       -4.68492806e-002, -8.88533816e-002, 2.65533067e-002,
       7.78393075e-002, 1.28905386e-001, 2.08207190e-001,
       3.33262570e-002, -7.26400465e-002, -1.14269331e-001,
       -1.57963783e-001, -4.07715403e-002, 7.95942247e-002,
       2.56609976e-001, 1.96926713e-001, -7.96901509e-002,
       -9.13420618e-002, -8.21615383e-002, 6.01532459e-002,
       2.69467123e-002, 1.54831419e-002, 7.29845390e-002,
       3.91093679e-002, -9.91470739e-002, -6.60293400e-002,
       2.39038151e-002, -3.46390046e-002, 2.37031025e-003,
       1.47887354e-003, 4.57293242e-002, 9.37913507e-002,
       2.11675707e-002, -2.48972457e-002, -5.68048134e-002,
       -2.10546955e-001, -7.67781883e-002, 1.39567517e-002,
       6.85026944e-002, 1.51849076e-001, 7.62306154e-002,
       1.58154243e-003, -8.52915272e-002, -1.61535472e-001,
       -1.10298850e-001, -1.00477841e-002, 6.82250559e-002,
       1.03904821e-001, 4.58653010e-002, 3.15832533e-002,
       5.87764662e-003, 4.30381671e-002, -8.46621767e-003,
       -2.79649738e-002, -1.01498952e-002, -1.47981225e-002,
       -2.13450212e-002, 2.19351631e-002, 5.36878519e-002,
       1.81019250e-002, 2.62160450e-002, 2.13922206e-002,
       -1.61507502e-002, -7.00225830e-002, -3.97818498e-002,
       -7.81589188e-003, 9.77767166e-003, 2.00238943e-001,
       4.37569506e-002, -3.15858144e-003, -5.25126830e-002,
